5x5
n_landmarks: 1, landmarks: [8], len: 1 
n_landmarks: 2, landmarks: [8, 15], len: 2 
n_landmarks: 5, landmarks: [8,15,18,7,10], len: 5 

10x10
n_landmarks: 5, landmarks: [29, 84, 20, 44, 27], len: 5 
n_landmarks: 10, landmarks: [29, 84, 20, 44, 27, 75, 69, 72, 60, 38], len: 10
n_landmarks: 20, landmarks: [29, 84, 20, 44, 27, 75, 69, 72, 60, 38, 24, 74, 15, 61, 67, 12, 85, 91, 58, 63], len: 20 


20x20
5%: n_landmarks: 20, landmarks: [89, 312, 53, 151, 81, 274, 251, 262, 354, 215, 128, 69, 270, 35, 220, 242, 332, 22, 377, 249], len: 20 
10%: n_landmarks: 40, landmarks: [89, 312, 53, 151, 81, 274, 251, 262, 354, 215, 128, 69, 270, 35, 220, 242, 332, 22, 377, 249, 157, 138, 323, 73, 183, 36, 32, 34, 353, 298, 25, 216, 372, 131, 237, 291, 134, 245, 304, 140], len: 40 
20%: n_landmarks: 80, landmarks: [89, 312, 53, 151, 81, 274, 251, 262, 354, 215, 128, 69, 270, 35, 220, 242, 332, 22, 377, 249, 157, 138, 323, 73, 183, 36, 32, 34, 353, 298, 25, 216, 372, 131, 237, 291, 134, 245, 304, 140, 197, 139, 367, 133, 256, 169, 234, 305, 349, 72, 116, 343, 172, 82, 191, 277, 280, 364, 118, 176, 166, 321, 276, 279, 222, 322, 38, 266, 145, 227, 233, 361, 109, 208, 301, 380, 366, 212, 65, 360], len: 80 
25%: n_landmarks: 100, landmarks: [89, 312, 53, 151, 81, 274, 251, 262, 354, 215, 128, 69, 270, 35, 220, 242, 332, 22, 249, 157, 138, 323, 73, 183, 36, 32, 34, 353, 298, 25, 216, 131, 237, 367, 291, 134, 245, 375, 304, 140, 197, 139, 133, 256, 169, 355, 234, 305, 72, 116, 172, 82, 191, 277, 348, 280, 118, 176, 166, 321, 276, 279, 222, 38, 266, 145, 227, 233, 109, 208, 301, 212, 65, 344, 281, 76, 104, 287, 318, 210, 271, 356, 261, 43, 178, 302, 108, 107, 278, 137, 27, 123, 339, 228, 284, 340, 201, 337, 158, 23], len: 100 
