50 214
41 213
32 212
23 211
5 210
14 209
59 208
68 207
77 206
86 205
137 204
136 203
138 202
139 201
140 200
157 198
156 197
158 196
159 195
160 194
107 192
106 191
108 190
109 189
110 188
132 186
131 185
133 184
134 183
135 182
152 180
151 179
153 178
154 177
85 80
75 78
199 143
82 77
65 76
189 87
64 75
188 95
83 74
84 70
74 67
198 144
165 66
174 64
175 63
51 134
76 79
200 142
191 62
67 69
192 61
171 72
47 49
56 56
180 147
49 55
173 65
142 54
29 25
55 53
179 148
48 52
141 51
28 28
162 82
38 38
57 48
181 18
58 47
182 10
143 46
30 33
144 45
31 34
145 44
114 42
40 41
164 84
39 40
163 83
113 39
13 17
66 73
190 86
95 16
93 15
195 58
71 157
12 12
112 37
3 8
91 13
184 3
60 137
94 7
92 14
185 2
61 140
194 59
70 160
11 4
111 35
37 36
161 81
73 71
197 145
1 9
129 106
4 5
193 60
69 159
10 6
183 19
115 24
46 50
172 68
2 11
170 150
125 21
124 22
123 23
122 26
22 27
121 29
21 30
19 31
20 32
16 88
9 89
100 90
15 91
8 92
99 93
6 94
7 96
98 97
17 98
130 105
96 99
97 100
18 101
186 102
62 132
187 103
63 131
128 107
120 108
127 109
27 110
33 111
146 135
126 112
26 113
34 114
24 115
25 116
35 117
36 118
116 119
42 120
166 165
117 121
43 122
167 166
118 123
44 124
168 167
119 125
45 126
169 168
150 128
149 129
148 130
52 133
176 156
53 136
177 152
147 138
54 139
178 149
196 146
72 153
79 151
89 154
78 155
88 158
87 161
80 162
81 163
90 164
105 170
104 171
103 172
101 173
102 174
155 176
