402 816
401 815
403 814
736 805
735 804
734 803
733 802
732 801
731 800
730 799
729 798
728 797
727 796
722 795
721 794
723 793
724 792
725 791
726 790
737 789
738 788
739 787
740 786
400 681
399 682
398 683
396 700
397 684
777 332
420 807
19 331
395 699
776 330
419 808
18 329
394 698
418 809
17 327
393 697
413 823
12 326
388 692
779 325
412 822
11 324
387 691
778 323
414 824
13 321
389 693
780 320
415 825
14 318
390 694
416 826
15 316
391 695
417 810
16 314
392 696
410 820
9 311
385 686
408 818
7 309
383 688
409 819
8 306
384 687
406 811
4 304
381 689
407 817
5 298
382 690
226 292
770 301
568 838
681 647
209 290
225 289
769 294
567 837
680 149
208 287
224 286
768 295
566 831
679 150
220 281
221 279
222 277
223 274
227 271
771 322
569 839
682 648
772 319
570 840
683 646
773 317
571 841
684 645
774 315
572 842
685 644
775 328
573 843
686 643
216 263
215 260
214 257
210 252
211 250
212 248
213 246
217 244
20 338
421 354
761 303
218 242
21 337
422 369
762 297
22 339
423 371
763 300
561 835
674 168
23 340
424 366
764 299
562 836
675 171
24 341
425 363
765 310
563 834
676 173
766 308
564 833
677 152
767 312
565 832
678 151
264 233
263 230
258 227
262 225
259 224
260 223
265 221
261 220
266 218
199 261
201 282
202 283
203 280
204 278
205 275
206 272
207 284
253 203
622 180
647 754
534 740
306 80
588 238
701 79
277 166
405 812
6 296
380 35
720 91
296 165
307 76
297 163
308 73
298 160
309 70
311 82
300 170
299 157
310 67
358 60
357 59
356 58
355 57
353 56
354 55
359 54
360 53
361 52
348 50
347 49
346 48
345 47
343 46
344 45
349 44
350 43
351 42
328 83
795 40
198 258
656 763
543 548
327 68
794 39
197 255
655 762
542 536
379 34
404 813
3 302
590 236
703 72
279 164
782 17
367 5
589 237
702 75
278 167
781 16
366 6
252 200
621 181
370 15
785 20
369 14
784 19
368 13
783 18
800 22
787 12
254 205
623 179
648 755
535 741
372 29
363 11
786 10
362 9
597 266
710 62
286 136
789 3
192 254
256 182
625 194
650 757
537 726
374 28
365 7
797 32
364 8
796 30
596 267
709 63
285 174
2 305
788 4
191 253
255 183
624 178
649 756
536 742
373 31
332 64
799 23
790 2
193 251
651 758
538 725
375 27
331 65
798 24
591 285
704 69
280 162
592 288
705 66
281 159
593 291
706 81
282 156
195 247
653 760
540 723
377 25
792 37
194 249
652 759
539 724
376 26
791 36
196 245
654 761
541 539
378 33
793 38
324 77
325 74
326 71
594 270
707 84
283 169
312 85
329 86
595 268
708 87
284 172
1 307
342 93
313 88
330 89
719 92
341 94
715 95
302 176
291 144
320 96
337 97
714 98
301 175
290 141
319 99
336 100
713 101
289 128
318 102
335 103
712 104
288 131
317 105
334 106
315 107
598 265
711 108
287 134
316 109
716 110
321 111
338 112
717 113
304 153
293 125
322 114
339 115
718 116
305 78
294 124
292 147
303 154
323 117
340 118
599 276
230 197
550 528
663 126
272 127
229 196
549 529
662 129
271 130
228 269
548 530
661 132
270 133
269 135
267 137
268 138
600 273
231 193
551 568
664 139
273 140
552 565
665 142
274 143
275 146
26 336
427 357
452 717
40 372
30 348
431 383
36 347
448 713
25 342
426 360
35 351
447 712
28 334
429 376
34 346
446 706
453 718
41 367
27 335
428 373
445 707
31 345
432 398
37 344
449 714
32 350
433 400
38 349
450 715
33 352
434 395
39 370
451 716
488 776
76 384
487 775
75 385
437 386
462 425
50 401
441 710
483 772
71 388
46 377
458 704
436 389
440 408
482 774
70 391
45 374
457 705
435 392
439 405
481 773
69 394
44 358
456 721
463 422
51 396
438 402
43 361
455 720
442 711
484 771
72 404
47 380
459 703
443 709
485 770
73 407
48 607
460 702
444 708
486 769
74 410
49 399
461 429
58 368
470 412
495 783
83 432
57 409
469 413
494 782
82 417
104 414
103 415
53 390
465 416
490 778
78 430
52 393
464 419
489 777
77 428
493 781
81 420
56 406
468 437
492 780
80 423
55 403
467 434
491 779
79 426
54 387
466 431
496 784
84 435
59 365
471 458
497 768
85 438
60 362
472 454
102 439
68 397
480 441
114 443
113 444
63 378
475 445
500 765
88 459
109 447
62 375
474 448
499 766
87 457
66 355
478 466
108 450
61 359
473 451
498 767
86 610
65 356
477 463
107 453
501 480
89 455
64 381
476 460
106 456
110 462
111 465
112 468
98 421
510 470
123 491
97 424
509 471
122 489
96 427
508 472
121 487
95 467
507 473
120 477
142 474
141 475
91 449
503 476
116 485
90 452
502 478
115 483
119 479
94 464
506 490
118 481
93 461
505 488
117 482
92 446
504 486
140 484
134 492
135 493
136 494
137 495
138 496
139 497
633 214
520 499
239 226
608 671
101 436
513 500
126 517
632 215
519 501
152 502
631 216
518 503
237 204
606 664
151 504
130 505
627 188
514 506
233 187
602 669
147 507
100 433
512 508
125 513
129 509
99 418
511 510
124 613
128 511
127 512
133 514
630 202
517 515
236 201
605 665
150 516
131 518
628 185
515 519
234 184
603 667
148 520
132 521
629 199
516 522
235 198
604 666
149 523
144 524
145 525
146 526
180 532
179 534
158 535
175 537
157 538
174 540
156 541
173 542
155 543
172 544
153 545
154 546
159 547
176 549
160 550
177 552
161 553
178 555
673 155
560 557
672 158
559 558
671 161
558 559
533 739
646 748
670 120
557 560
190 561
669 121
556 562
189 563
168 564
185 566
167 567
184 569
166 570
183 571
165 572
182 573
163 574
164 575
169 576
666 145
553 577
186 578
170 579
667 123
554 580
187 581
171 582
668 122
555 583
188 584
371 586
352 588
333 590
314 591
295 593
276 594
626 191
257 596
232 190
601 668
607 670
238 597
219 599
200 600
411 821
10 602
386 685
430 379
29 604
479 442
67 606
42 364
454 719
105 609
143 612
181 615
162 616
760 618
759 619
758 620
757 621
746 622
745 623
744 624
743 625
741 626
742 627
747 628
748 629
749 630
750 631
751 632
752 633
753 634
754 635
755 636
756 637
587 239
700 639
586 240
699 640
585 241
698 641
584 243
697 642
574 844
687 649
575 845
688 650
576 846
689 651
577 830
690 652
578 829
691 653
579 828
692 654
580 827
693 655
581 256
694 656
582 259
695 657
583 262
696 658
251 186
620 660
645 749
532 738
250 189
619 661
644 750
531 737
249 192
618 662
643 751
530 736
248 195
617 663
642 753
529 735
240 229
609 672
634 213
521 731
241 232
610 673
635 212
522 732
242 222
611 674
636 211
523 730
243 219
612 675
637 210
524 729
244 217
613 676
638 209
525 728
245 228
614 677
639 208
526 727
246 231
615 678
640 207
527 733
247 234
616 679
641 752
528 734
547 531
660 744
546 533
659 745
545 554
658 746
544 551
657 747
