276 862
219 859
200 858
124 857
143 856
295 853
162 851
181 848
105 847
314 846
333 845
352 844
371 843
300 820
281 819
376 817
205 816
338 815
262 814
224 813
357 812
319 811
110 809
186 808
167 806
148 803
129 800
290 798
271 796
366 794
195 793
328 792
214 791
347 790
309 789
157 785
176 782
138 779
119 778
564 829
677 776
563 828
676 775
565 830
678 774
566 831
679 773
567 825
680 772
561 827
674 767
562 826
675 766
439 436
62 780
474 755
437 425
436 419
43 784
455 337
775 318
389 90
729 316
388 97
728 315
369 312
332 311
368 309
331 308
351 307
746 306
367 305
330 304
350 303
329 302
348 301
349 300
390 98
730 299
5 781
407 650
747 298
748 297
749 296
750 294
789 291
311 288
310 287
293 285
291 284
292 283
312 282
313 281
577 836
690 276
275 273
274 271
273 269
272 267
576 842
689 277
575 841
688 278
435 352
573 839
686 280
574 840
687 279
672 770
559 454
216 251
673 768
560 453
215 249
198 248
196 246
197 244
217 242
218 241
365 235
364 233
327 232
363 230
326 229
346 228
325 225
345 224
344 221
781 216
745 215
782 214
784 212
306 209
294 286
305 208
289 207
288 206
286 205
287 204
307 203
308 202
572 837
685 197
270 194
254 255
623 193
648 261
535 377
269 192
253 258
622 191
647 253
534 395
268 190
370 314
252 797
621 189
267 188
32 328
433 351
458 422
46 118
571 838
684 198
31 320
432 346
457 417
45 112
570 822
683 199
599 556
230 185
229 183
600 555
231 181
34 801
446 104
172 65
476 763
64 102
722 234
116 56
91 807
503 642
115 54
71 348
483 46
153 62
117 50
72 805
484 45
1 12
137 69
53 802
465 730
382 16
156 77
70 344
482 47
135 64
136 66
383 17
408 648
7 91
770 81
175 72
174 70
134 63
69 339
481 48
199 250
381 15
406 649
4 10
52 353
464 731
763 13
771 325
456 420
44 108
30 323
431 340
120 133
95 437
507 656
384 18
409 647
8 86
442 22
467 740
55 428
37 413
449 110
764 3
772 322
443 27
742 219
402 638
397 402
139 142
721 231
765 2
773 329
444 31
173 67
768 93
785 211
445 21
769 82
783 213
2 8
421 24
20 6
396 412
379 628
786 295
385 19
154 73
118 49
21 4
422 30
447 101
35 404
787 293
155 75
767 85
26 83
427 109
788 292
448 106
36 400
24 786
425 36
121 135
96 52
508 654
441 25
466 739
54 424
451 341
39 29
766 88
774 319
33 330
434 357
380 630
60 28
472 758
743 218
428 114
27 92
403 636
423 35
22 11
398 398
140 143
744 217
429 120
28 94
3 7
404 635
424 41
23 14
399 408
141 145
386 95
57 432
469 737
387 96
58 26
470 736
59 23
471 757
392 332
210 170
243 818
612 710
38 410
450 100
40 33
452 338
477 764
65 107
122 129
97 51
509 653
790 290
123 128
98 53
510 652
41 39
453 343
568 824
681 201
29 850
430 115
569 823
682 200
741 227
426 103
25 87
401 637
78 40
490 123
103 132
77 34
489 124
102 130
324 223
142 148
104 134
79 38
491 364
727 313
525 61
638 588
726 310
524 79
637 586
725 220
523 78
636 584
643 182
530 140
249 176
618 720
158 141
177 144
178 146
723 236
521 74
634 511
179 149
724 237
522 76
635 490
362 226
180 151
159 152
160 154
343 222
161 156
761 9
42 37
454 347
248 179
617 722
395 335
533 394
646 254
671 769
558 455
213 162
528 157
641 175
394 334
670 748
557 466
212 163
256 266
625 178
650 259
537 471
192 165
255 265
624 195
649 263
536 469
191 167
762 5
257 861
626 268
193 169
194 171
393 333
669 749
556 463
211 172
391 331
529 158
642 174
438 430
63 105
475 754
502 644
90 358
83 119
495 360
108 369
82 113
494 361
107 367
81 787
493 362
106 368
80 42
492 363
128 365
127 366
125 370
100 783
512 692
109 371
84 117
496 443
126 372
101 131
513 690
163 378
144 379
145 380
182 381
146 382
183 383
526 153
639 590
147 385
184 386
527 155
640 569
185 388
164 389
644 184
531 390
250 186
619 719
165 391
645 180
532 392
251 187
620 718
166 393
780 397
777 401
776 405
779 409
400 411
778 414
48 852
460 416
485 44
73 421
486 127
74 418
49 345
461 733
487 126
75 423
50 349
462 734
47 116
459 426
488 125
76 427
51 355
463 732
504 641
92 429
67 855
479 761
440 431
505 640
93 435
68 342
480 760
88 356
500 439
113 449
87 350
499 440
112 446
86 849
498 441
111 447
85 121
497 442
133 444
132 445
131 448
114 450
89 354
501 643
130 451
168 457
149 458
150 459
187 460
151 461
188 462
152 464
189 465
190 467
169 468
170 470
171 472
223 478
222 479
202 481
201 483
203 485
220 486
204 487
221 488
259 491
542 71
655 492
610 670
241 493
611 709
242 494
538 473
651 495
260 496
258 497
541 68
654 498
609 671
240 499
540 456
653 500
539 474
652 502
261 503
277 504
278 506
279 508
280 510
582 160
695 513
581 161
694 514
580 833
693 515
579 834
692 516
578 835
691 517
318 518
317 519
297 520
296 521
298 522
299 523
315 524
316 525
795 527
794 528
793 529
792 530
755 531
791 532
754 533
753 534
752 535
735 536
354 537
353 538
334 539
355 540
335 541
372 542
751 543
356 544
336 545
373 546
731 547
337 548
374 549
732 550
375 551
733 552
734 553
228 559
227 560
207 561
206 563
208 564
225 565
209 566
226 567
264 570
547 150
660 571
615 706
246 572
616 721
247 573
543 60
656 574
265 575
263 576
546 147
659 577
614 707
245 578
545 58
658 579
613 708
244 580
544 59
657 581
266 582
282 583
283 585
284 587
285 589
587 239
700 592
586 240
699 593
585 168
698 594
584 164
697 595
583 166
696 596
323 597
322 598
302 599
301 600
303 601
320 602
304 603
321 604
800 606
799 607
798 608
797 609
760 610
796 611
759 612
758 613
757 614
740 615
359 616
358 617
339 618
360 619
340 620
377 621
756 622
361 623
341 624
378 625
736 626
342 627
737 629
738 631
739 632
6 89
405 634
9 84
410 646
94 433
506 655
236 260
605 658
630 257
517 704
235 264
604 659
629 274
516 703
234 262
603 660
628 272
515 688
232 177
601 661
233 795
602 662
627 270
514 689
592 476
705 664
591 477
704 665
590 247
703 666
588 245
701 667
589 243
702 668
239 501
608 672
633 509
520 700
237 256
606 673
631 505
518 702
238 860
607 674
632 507
519 701
597 557
710 676
596 558
709 677
595 484
708 678
593 482
706 679
594 480
707 680
14 321
415 682
13 324
414 683
12 327
413 684
10 854
411 685
11 326
412 686
99 55
511 691
19 399
420 694
18 403
419 695
17 407
418 696
15 804
416 697
16 406
417 698
715 712
714 713
713 714
598 562
711 715
712 716
720 724
719 725
718 726
716 727
717 728
56 434
468 738
552 387
665 742
551 384
664 743
550 137
663 744
548 139
661 745
549 138
662 746
555 374
668 750
553 376
666 751
554 375
667 752
61 32
473 756
66 111
478 762
