1 (1, 26)
2 (1, 6)
3 (6, 11)
4 (11, 16)
5 (16, 21)
6 (21, 31)
7 (1, 2)
8 (2, 7)
9 (6, 7)
10 (7, 12)
11 (11, 12)
12 (7, 8)
13 (12, 17)
14 (16, 17)
15 (8, 13)
16 (12, 13)
17 (13, 18)
18 (17, 18)
19 (17, 22)
20 (21, 22)
21 (13, 14)
22 (22, 32)
23 (18, 23)
24 (22, 23)
25 (14, 19)
26 (18, 19)
27 (23, 33)
28 (19, 24)
29 (23, 24)
30 (19, 20)
31 (24, 34)
32 (20, 25)
33 (24, 25)
34 (25, 35)
35 (2, 27)
36 (14, 15)
37 (15, 20)
38 (10, 15)
39 (8, 9)
40 (9, 10)
41 (9, 14)
42 (4, 9)
43 (2, 3)
44 (3, 4)
45 (3, 8)
46 (3, 28)
47 (4, 29)
48 (4, 5)
49 (5, 10)
50 (5, 30)
